121000
121050
121055
121060
121150
121160
121200
121240
121250
121350
121360
121400
121420
121460
121500
121540
121550
121600
121630
121850
121860
121950
122000
122050
122070
122120
122150
122250
122260
122300
122320
122350
122370
122380
122500
122700
122720
122800
122810
122850
122950
123000
123100
123260
123300
123360
123450
123600
123750
123760
123765
123766
123850
123990
124000
124010
124150
124180
124240
124250
124280
124350
124540
124550
124650
124690
124850
124880
124900
124950
124970
125000
125100
125200
125300
125390
125400
125500
125560
125600
125660
125700
125750
125800
125850
125950
126000
126250
126500
126600
126700
126900
126950