200260
200460
200490
200660
200690
200870
200970
201070
202740
202770
202890
202910
202920
203530
203570
203880
204710
204760
206650
206670
206740
206750
207440
207660
208560
208620
208640
208710
208910
209460
209630
209670
209730
213010
214320
215040
216470
217110
217210
218020
218230
218240
218241
218250
218260
219080
219310
219460
219650
219820
220280
221060
221130
221270
221450
221650
222170
222350
222690
222710
222820
222920
223240
223490
223650
224030
224080
224220
224380
224710
225220
225500
225630
225830
226020
226210
226410
226570
226760
226950
227210
227680
227780
227980
228020
228200
228370
228450
228540
228670
228870
228920
229390
229540
229960
230220
230240
230290
230320
230580
230740
230780
232050
232190
232201
232203
232204
232205
232260
232420
232560
232740
233300
233310
233330
233390
233410
233450
234050
234120
234180
234260
234450
234650
234710
234720
235270
235520
235780
236060
236290
236310
236320
236620
236780
237010
237110
237240
237340
237760
238030
238040
238470
238490
238840
239090
239140
239210
239290
239330
239331
239550
239660
239730
239870
241250
241430
241660
242660
243430
244770
245070
245570
246390
246410
246520
246560
246710
247240
247260
247380
247710
248170
248560
248910
249230
249440
249510
249590
249660
249820
249880
250340
250420
250510
250620
251210
251230
251730
252060
252820
253250
253720
253780
253990
254000
254960
255380
255510
255630
255940
256210
256770
257050
257440
257770
259020
259130
259140
259270
259320
259410
259540
259560
260590
260630
260635
260636
260780
260940
261670
262580
262750
262890
262980
263590
263780
263890
264770
264870
264980
264990
265850
266950
267020
267810
268820
268980
269970
270080
270370
270510
270660
270830
271130
271960
271990
272080
272170
272250
272420
272520
272710
273290
273550
273690
273730
273930
274020
274590
274790
275155
275185
275195
275320
275530
275950
276070
276120
276480
276650
276790
277030
277070
277190
277300
277310
277860
278230
278350
278570
279060
279280
279470
279620
279830
280090
280440
280490
280640
280660
280760
280970
281160
281310
281440
282140
282160
282240
282250
282400
282550
282750
282780
283190
283210
283340
283660
283670
283820
283830
284110
284190
284280
284340
284400
284510
284650
284810
284910
284930
284935
284980
285060
285220
285370
285410
285520
285730
285860
285880
285930
285980
286150
286210
286370
286420
286550
286610
286660
286880
286960
286980
287110
287220
287480
287560
287854
287860
287910
287970
287980
287990
288070
288250
288380
288950
289000
289090
289250
290230
291030
291110
291220
291280
291490
292030
292090
292310
292410
292470
292630
292740
292820
293130
293280
293320
293480
293550
293630
293670
294010
294050
294180
294300
294560
294670
294710
294770
294810
295240
295320
295390
295400
295410
295510
295530
295570
295620
295700
295740
295760
295780
295810
295940
296020
296050
296120
296130
296250
296260
296310
296340
296360
296380
296420
296530
296540
296760
296980
297060
297120
297220
297240
297260
297350
297360
297450
297560
297660
298130
298140
298220
298270
298370
298380
298460
298480
298540
298640
298690
298700
298920
299150
299230
299370
299390
299560
299740
299990
300280
300540
300740
301170
301570
303090
303200
303720
303930
304050
304330
304390
304930
304990
305040
305070
305360
305540
306030
306120
306170
306180
306270
306350
306360
306370
306690
306830
306860
306920
306950
307030
307100
307130
307260
307270
307290
307310
307390
307410
307450
307580
307770
307910
308020
308120
308140
308180
308220
308230
308240
308290
308380
308430
308440
308460
308490
308580
308590
308620
308790
309240
309570
309610
309650
309670
309710
309750
309780
310040
310050
310870
310880
310970
311520
311680
311740
312350
312530
312630
312860
312950
313000
313110
313290
313460
313480
313620
313690
313710
313880
314160
314180
314370
314390
314420
314450
314780
314840
314890
315040
315100
315130
315210
315270
315610
315620
315730
315870
315940
316240
316320
316550
316770
317020
317070
317100
317130
317250
317350
317700
317860
318230
318250
318290
318320
318450
318660
318690
318730
318780
318950
319090
319130
319150
319170
319210
319390
319420
319430
319590
319600
319690
319810
319811
319870
319890
320040
320100
320130
320270
320530
320590
320610
320690
320760
320880
320980
320990
321210
321280
321330
321500
321560
321580
321650
321860
321950
322070
322130
322150
322520
322870
323890
324080
324110
324770
325090
325190
325400
325640
325830
325940
325960
326180
340090
340470
341160
341220
341230
341520
341720
341860
342400
342470
342620
343210
343360
343570
343630
343910
344990
345450
345600
345790
346550
347300
347310
347470
347590
348240
348380
348580
348610
348660
348800
349290
349490
349540
350260
350370
351210
353941
353942
353943
353944
360200
360210
360220
360340
360380
360520
360640
360870
360960
362590
370008
370010
370180
370310
370540
370610
370850
371450
371710
372120
372280
372350
374720
374840
377351
377352
378650
384020
990080