170220
170240
170260
170300
170310
170340
170380
170420
170500
170560
170575
170600
170660
170670
170671
170672
170673
170674
170700
170820
170840
170860
170880
170900
170920
170960
170980
171100
171120
171150
171160
171200
171240
171270
171280
171290
171295
171350
171400
171500
171550
171600
171700
171750
171800
171840
171880
171890
171900
171905
171950
171990
172000
172005
172020
172050
172100
172180
172190
172340
172370
172400
172410
172440
172480
172500
172600
172700
172720
172734
172800
172900
172920
172950
173000
173100
173200
173300
173500
173520
173700
173750
691464